function y0 = LiTank_ICs(p)

socp = p(22);
socn = p(21);

Up0 = -10.72*socp^4+23.88*socp^3-16.77*socp^2+2.595*socp+4.563;
Un0 = .1493+.8493*exp(-61.79*socn)+.3824*exp(-665.8*socn)-exp(39.42*socn-41.92)-.3131e-1*atan(25.59*socn-4.099)-.9434e-2*atan(32.49*socn-15.74);

y0(1) = 1.00000000000000; 
y0(2) = 1.00000000000000; 
y0(3) = 1.00000000000000; 
y0(4) = socp; 
y0(5) = socn; 
y0(6) = 0; 
y0(7) = .997602877697382; 
y0(8) = 1.00020002000133; 
y0(9) = 1.00230264702900; 
y0(10) = Up0; 
y0(11) = Un0; 
y0(12) = socp; 
y0(13) = socn; 
y0(14) = Up0 - Un0; 

end